15

3 19
18
1 8
1 17
0 5
2 17
1 7
2 2
1 11
2 14
1 14
2 14
2 11
1 18
1 6
0 13
0 11
1 6
2 17
1 17
37 1

18 15
13
3 2
9 7
9 6
11 13
11 11
12 2
1 12
10 5
1 9
15 14
12 11
10 9
8 5
27 1

9 12
14
6 11
8 3
2 8
6 1
5 0
6 7
7 8
1 7
2 10
3 9
8 2
1 11
5 4
6 1
28 2

19 4
10
6 1
10 0
13 1
12 1
9 2
2 1
5 1
3 1
5 2
0 1
26 2

17 9
14
9 1
11 6
13 1
15 5
0 4
6 3
0 4
16 0
0 0
2 4
4 2
8 2
13 6
5 2
43 1

15 3
14
12 0
0 2
7 1
1 2
2 1
13 2
2 1
7 2
7 2
2 1
9 2
5 0
0 1
5 1
35 7

11 5
19
1 0
4 0
1 1
1 2
4 2
5 0
2 4
4 1
7 0
7 1
2 2
0 0
7 1
4 2
8 3
8 1
6 3
2 1
5 0
7 1

14 4
11
12 0
13 1
4 1
10 0
9 3
4 0
13 2
12 3
1 0
12 0
1 3
9 3

3 9
15
1 0
1 0
0 5
1 5
0 4
2 0
0 6
2 2
1 2
1 0
2 4
1 5
0 7
0 7
2 4
21 7

13 15
18
7 14
7 6
4 8
6 13
3 2
10 5
11 11
3 1
1 8
3 7
6 3
5 0
7 0
2 13
2 12
11 9
2 3
8 11
5 1

15 3
10
0 2
0 2
6 2
0 0
11 2
7 1
8 0
13 1
8 2
6 0
46 1

7 19
13
5 1
5 8
6 12
2 11
3 16
1 14
4 12
2 12
5 0
0 7
3 2
2 11
4 2
8 4

13 7
16
8 0
5 3
9 0
11 0
7 1
12 0
11 4
6 3
0 6
0 3
2 3
5 3
1 3
12 1
8 2
9 1
50 5

3 7
18
2 5
1 1
2 4
2 1
1 2
2 2
1 0
2 0
1 1
2 0
2 0
1 1
2 4
1 6
0 4
0 5
1 6
1 2
21 7

15 7
15
3 4
13 3
0 2
8 2
0 2
12 0
7 0
10 2
0 1
6 5
13 0
1 0
0 2
13 1
4 6
30 6